45,00000125223908
19,99999941818584
39,99999883637168
34,99999983559887
45,00000125223908
74,99999867197056
30,000000834826057
125,00000234007703
60,000001669652114
39,99999883637168
39,99999883637168
34,99999983559887
50,0000002530119
65,00000067042492
84,99999667351618
45,00000125223908
65,00000067042492
109,99999850756943
-104,99999950679661
-85,00000350370536
-85,00000350370536
-80,00000450293254
-80,00000450293254
-75,00000550215972
0
0
19,99999941818584
25,00000012650595
25,00000012650595
25,00000012650595
90,00000250447816
125,00000234007703
34,99999983559887
50,0000002530119
30,000000834826057
30,000000834826057
45,00000125223908
34,99999983559887
30,000000834826057
34,99999983559887
34,99999983559887
90,00000250447816
159,99999534548672
144,9999983431683
144,9999983431683
-85,00000350370536
-85,00000350370536
-80,00000450293254
-80,00000450293254
-75,00000550215972
-70,0000065013869
0
0
0
0
0
30,000000834826057
39,99999883637168
120,00000333930423
39,99999883637168
30,000000834826057
45,00000125223908
45,00000125223908
34,99999983559887
30,000000834826057
30,000000834826057
30,000000834826057
34,99999983559887
25,00000012650595
34,99999983559887
30,000000834826057
144,9999983431683
139,99999934239548
135,00000034162267
-90,00000250447816
-80,00000450293254
-85,00000350370536
-90,00000250447816
-85,00000350370536
-75,00000550215972
0
0
0
0
0
0
0
0
30,000000834826057
45,00000125223908
60,000001669652114
34,99999983559887
34,99999983559887
25,00000012650595
45,00000125223908
30,000000834826057
0
0
0
0
0
0
0
0
0
0
159,99999534548672
149,99999734394112
-80,00000450293254
-100,0000005060238
-85,00000350370536
-90,00000250447816
-90,00000250447816
-80,00000450293254
0
0
0
0
0
0
0
0
0
0
0
0
0
0
0
0
0
0
0
0
0
0
0
34,99999983559887
65,00000067042492
45,00000125223908
139,99999934239548
144,9999983431683
-104,99999950679661
-65,00000750061409
-95,00000150525098
-90,00000250447816
-90,00000250447816
-70,0000065013869
-30,00001108010981
-40,00000908165544
-40,00000908165544
-35,000010080882625
-45,00000808242825
-40,00000908165544
-25,000012079336997
-40,00000908165544
-25,000012079336997
-25,000012079336997
-35,000010080882625
-30,00001108010981
-30,00001108010981
-45,00000808242825
-20,000013078564184
-30,00001108010981
-20,000013078564184
-35,000010080882625
-25,000012079336997
-40,00000908165544
-25,000012079336997
-50,00000708320107
-25,000012079336997
-30,00001108010981
45,00000125223908
69,99999967119774
135,00000034162267
154,99999634471394
135,00000034162267
-35,000010080882625
-45,00000808242825
-104,99999950679661
-85,00000350370536
-75,00000550215972
-109,99999850756943
-75,00000550215972
-35,000010080882625
-40,00000908165544
-40,00000908165544
-40,00000908165544
-45,00000808242825
-50,00000708320107
-35,000010080882625
-30,00001108010981
-35,000010080882625
-45,00000808242825
-35,000010080882625
-80,00000450293254
-124,9999886796987
-85,00000350370536
-139,99999934239548
-55,00000608397388
-65,00000750061409
-60,00000849984128
-80,00000450293254
-75,00000550215972
-70,0000065013869
-80,00000450293254
0
-25,000012079336997
15,000000417413029
69,99999967119774
104,99999950679661
144,9999983431683
149,99999734394112
0
-70,0000065013869
-75,00000550215972
-65,00000750061409
-80,00000450293254
-80,00000450293254
-85,00000350370536
-40,00000908165544
-25,000012079336997
-50,00000708320107
-55,00000608397388
-40,00000908165544
-90,00000250447816
-45,00000808242825
-30,00001108010981
-70,0000065013869
-35,000010080882625
-114,99999067815307
-124,9999886796987
0
-139,99999934239548
-35,000010080882625
-80,00000450293254
-114,99999067815307
-109,99999850756943
-109,99999850756943
-85,00000350370536
-100,0000005060238
-35,000010080882625
-25,000012079336997
-20,000013078564184
50,0000002530119
79,99999767274336
125,00000234007703
144,9999983431683
139,99999934239548
164,99999434625954
0
-55,00000608397388
-60,00000849984128
-75,00000550215972
-70,0000065013869
-70,0000065013869
-70,0000065013869
-104,99999950679661
-95,00000150525098
0
-40,00000908165544
-45,00000808242825
-80,00000450293254
-75,00000550215972
-100,0000005060238
-114,99999067815307
-135,00000034162267
-139,99999934239548
-85,00000350370536
-100,0000005060238
-144,9999983431683
-80,00000450293254
-75,00000550215972
-25,000012079336997
0
-9,999987756261874
50,0000002530119
79,99999767274336
120,00000333930423
149,99999734394112
154,99999634471394
154,99999634471394
0
-65,00000750061409
-55,00000608397388
-60,00000849984128
-55,00000608397388
-70,0000065013869
-80,00000450293254
-55,00000608397388
-90,00000250447816
0
0
-70,0000065013869
0
-40,00000908165544
-30,00001108010981
-80,00000450293254
-95,00000150525098
-104,99999950679661
-129,99998768047152
-109,99999850756943
-114,99999067815307
-95,00000150525098
-109,99999850756943
-179,999991348578
-65,00000750061409
25,00000012650595
15,000000417413029
30,000000834826057
25,00000012650595
60,000001669652114
0
144,9999983431683
144,9999983431683
130,00000134084985
149,99999734394112
0
-50,00000708320107
-85,00000350370536
-85,00000350370536
-80,00000450293254
-95,00000150525098
-85,00000350370536
-75,00000550215972
-65,00000750061409
0
0
0
0
0
-50,00000708320107
-35,000010080882625
-65,00000750061409
-85,00000350370536
-104,99999950679661
-124,9999886796987
-135,00000034162267
-109,99999850756943
-174,99999234780518
154,99999634471394
-119,99998967892589
-124,9999886796987
-169,99999334703236
169,99999334703236
19,99999941818584
30,000000834826057
34,99999983559887
50,0000002530119
90,00000250447816
60,000001669652114
159,99999534548672
159,99999534548672
149,99999734394112
0
-45,00000808242825
-65,00000750061409
-40,00000908165544
-65,00000750061409
-70,0000065013869
-70,0000065013869
-65,00000750061409
-70,0000065013869
-30,00001108010981
-30,00001108010981
-35,000010080882625
-50,00000708320107
-55,00000608397388
-95,00000150525098
-124,9999886796987
-144,9999983431683
-119,99998967892589
-169,99999334703236
-135,00000034162267
-159,99999534548672
-104,99999950679661
-90,00000250447816
-100,0000005060238
15,000000417413029
34,99999983559887
30,000000834826057
0
69,99999967119774
0
159,99999534548672
139,99999934239548
164,99999434625954
0
-65,00000750061409
-55,00000608397388
-55,00000608397388
-55,00000608397388
-75,00000550215972
-80,00000450293254
-65,00000750061409
-95,00000150525098
-20,000013078564184
-20,000013078564184
-50,00000708320107
-45,00000808242825
0
-100,0000005060238
-129,99998768047152
-119,99998967892589
-159,99999534548672
-154,99999634471394
-149,99999734394112
-169,99999334703236
-95,00000150525098
-104,99999950679661
-119,99998967892589
9,99999970909292
30,000000834826057
34,99999983559887
69,99999967119774
60,000001669652114
0
149,99999734394112
115,00000433853141
144,9999983431683
-35,000010080882625
-40,00000908165544
-65,00000750061409
-70,0000065013869
-70,0000065013869
-70,0000065013869
-80,00000450293254
-95,00000150525098
0
-50,00000708320107
-35,000010080882625
-75,00000550215972
-100,0000005060238
-114,99999067815307
-100,0000005060238
-129,99998768047152
-144,9999983431683
-9,999987756261874
30,000000834826057
54,999999253784715
60,000001669652114
74,99999867197056
104,99999950679661
100,0000005060238
135,00000034162267
130,00000134084985
144,9999983431683
-50,00000708320107
-60,00000849984128
-60,00000849984128
-65,00000750061409
-60,00000849984128
-70,0000065013869
-90,00000250447816
34,99999983559887
25,00000012650595
19,99999941818584
0
-35,000010080882625
-40,00000908165544
-75,00000550215972
-104,99999950679661
-119,99998967892589
-119,99998967892589
-139,99999934239548
-139,99999934239548
0
25,00000012650595
50,0000002530119
0
95,00000150525098
95,00000150525098
130,00000134084985
135,00000034162267
159,99999534548672
-45,00000808242825
-40,00000908165544
-55,00000608397388
-50,00000708320107
-55,00000608397388
-70,0000065013869
0
0
0
0
0
-35,000010080882625
-30,00001108010981
-40,00000908165544
-85,00000350370536
-104,99999950679661
-114,99999067815307
-109,99999850756943
-119,99998967892589
-149,99999734394112
-164,99999434625954
25,00000012650595
-30,00001108010981
34,99999983559887
0
100,0000005060238
139,99999934239548
149,99999734394112
139,99999934239548
-35,000010080882625
-40,00000908165544
-65,00000750061409
-60,00000849984128
-70,0000065013869
-65,00000750061409
-75,00000550215972
-70,0000065013869
0
-50,00000708320107
-100,0000005060238
-90,00000250447816
-45,00000808242825
-40,00000908165544
-50,00000708320107
-80,00000450293254
-90,00000250447816
-124,9999886796987
-114,99999067815307
-144,9999983431683
-149,99999734394112
25,00000012650595
0
-30,00001108010981
69,99999967119774
54,999999253784715
60,000001669652114
-179,999991348578
130,00000134084985
149,99999734394112
-45,00000808242825
-50,00000708320107
-70,0000065013869
-65,00000750061409
-60,00000849984128
-75,00000550215972
-70,0000065013869
-55,00000608397388
0
95,00000150525098
90,00000250447816
100,0000005060238
-50,00000708320107
-104,99999950679661
0
0
-45,00000808242825
-45,00000808242825
-45,00000808242825
-90,00000250447816
-90,00000250447816
-144,9999983431683
-119,99998967892589
-144,9999983431683
-144,9999983431683
-20,000013078564184
-40,00000908165544
-35,000010080882625
-20,000013078564184
54,999999253784715
84,99999667351618
169,99999334703236
159,99999534548672
154,99999634471394
-50,00000708320107
-65,00000750061409
-55,00000608397388
-80,00000450293254
-65,00000750061409
-55,00000608397388
-70,0000065013869
-60,00000849984128
-55,00000608397388
0
69,99999967119774
50,0000002530119
60,000001669652114
45,00000125223908
60,000001669652114
-60,00000849984128
-85,00000350370536
0
0
-55,00000608397388
-40,00000908165544
-55,00000608397388
-90,00000250447816
-80,00000450293254
-129,99998768047152
-144,9999983431683
-119,99998967892589
-149,99999734394112
-20,000013078564184
-20,000013078564184
-30,00001108010981
0
60,000001669652114
0
139,99999934239548
154,99999634471394
-149,99999734394112
-55,00000608397388
-45,00000808242825
-25,000012079336997
-40,00000908165544
-40,00000908165544
-14,999986757034687
-30,00001108010981
-25,000012079336997
-65,00000750061409
-35,000010080882625
0
50,0000002530119
45,00000125223908
65,00000067042492
50,0000002530119
54,999999253784715
60,000001669652114
90,00000250447816
-40,00000908165544
-35,000010080882625
-70,0000065013869
-70,0000065013869
-104,99999950679661
-124,9999886796987
-135,00000034162267
-135,00000034162267
-129,99998768047152
25,00000012650595
-35,000010080882625
-40,00000908165544
-20,000013078564184
60,000001669652114
60,000001669652114
125,00000234007703
130,00000134084985
-154,99999634471394
-45,00000808242825
-35,000010080882625
-50,00000708320107
-30,00001108010981
-25,000012079336997
-20,000013078564184
-65,00000750061409
-35,000010080882625
-30,00001108010981
-35,000010080882625
-20,000013078564184
0
60,000001669652114
60,000001669652114
54,999999253784715
60,000001669652114
60,000001669652114
65,00000067042492
69,99999967119774
0
100,0000005060238
-30,00001108010981
-40,00000908165544
-75,00000550215972
-85,00000350370536
-90,00000250447816
-55,00000608397388
-104,99999950679661
-135,00000034162267
-25,000012079336997
-40,00000908165544
-25,000012079336997
25,00000012650595
54,999999253784715
144,9999983431683
149,99999734394112
164,99999434625954
-50,00000708320107
-25,000012079336997
-75,00000550215972
-25,000012079336997
-60,00000849984128
-25,000012079336997
-30,00001108010981
-50,00000708320107
-55,00000608397388
-20,000013078564184
-20,000013078564184
54,999999253784715
45,00000125223908
54,999999253784715
60,000001669652114
60,000001669652114
45,00000125223908
65,00000067042492
74,99999867197056
65,00000067042492
104,99999950679661
65,00000067042492
30,000000834826057
-30,00001108010981
-40,00000908165544
-35,000010080882625
-55,00000608397388
-80,00000450293254
-80,00000450293254
-135,00000034162267
-119,99998967892589
-149,99999734394112
-30,00001108010981
-45,00000808242825
-30,00001108010981
50,0000002530119
60,000001669652114
115,00000433853141
159,99999534548672
149,99999734394112
-45,00000808242825
-35,000010080882625
-14,999986757034687
-35,000010080882625
-25,000012079336997
-14,999986757034687
-14,999986757034687
-70,0000065013869
-20,000013078564184
-35,000010080882625
-20,000013078564184
-45,00000808242825
50,0000002530119
65,00000067042492
60,000001669652114
39,99999883637168
50,0000002530119
50,0000002530119
65,00000067042492
69,99999967119774
54,999999253784715
104,99999950679661
45,00000125223908
74,99999867197056
50,0000002530119
39,99999883637168
45,00000125223908
34,99999983559887
0
-50,00000708320107
-55,00000608397388
-45,00000808242825
-65,00000750061409
-60,00000849984128
-119,99998967892589
-124,9999886796987
-154,99999634471394
-30,00001108010981
-35,000010080882625
-25,000012079336997
69,99999967119774
30,000000834826057
100,0000005060238
125,00000234007703
139,99999934239548
0
45,00000125223908
69,99999967119774
104,99999950679661
104,99999950679661
-45,00000808242825
-50,00000708320107
-25,000012079336997
-30,00001108010981
-40,00000908165544
-65,00000750061409
-85,00000350370536
-80,00000450293254
-40,00000908165544
-40,00000908165544
-85,00000350370536
-20,000013078564184
45,00000125223908
39,99999883637168
39,99999883637168
39,99999883637168
39,99999883637168
34,99999983559887
54,999999253784715
39,99999883637168
54,999999253784715
100,0000005060238
39,99999883637168
0
25,00000012650595
30,000000834826057
25,00000012650595
30,000000834826057
30,000000834826057
-45,00000808242825
-35,000010080882625
-65,00000750061409
-80,00000450293254
-135,00000034162267
-124,9999886796987
-119,99998967892589
-119,99998967892589
-55,00000608397388
-50,00000708320107
-35,000010080882625
65,00000067042492
50,0000002530119
30,000000834826057
90,00000250447816
135,00000034162267
135,00000034162267
90,00000250447816
115,00000433853141
130,00000134084985
130,00000134084985
109,99999850756943
144,9999983431683
0
0
-50,00000708320107
-40,00000908165544
-45,00000808242825
-60,00000849984128
-55,00000608397388
-55,00000608397388
-65,00000750061409
-60,00000849984128
-90,00000250447816
-70,0000065013869
-75,00000550215972
-25,000012079336997
-20,000013078564184
39,99999883637168
50,0000002530119
30,000000834826057
34,99999983559887
39,99999883637168
45,00000125223908
50,0000002530119
65,00000067042492
60,000001669652114
84,99999667351618
0
0
0
0
0
0
0
0
0
0
0
0
0
0
0
0
0
0
30,000000834826057
30,000000834826057
30,000000834826057
30,000000834826057
25,00000012650595
25,00000012650595
0
-45,00000808242825
-35,000010080882625
-60,00000849984128
-75,00000550215972
-129,99998768047152
-80,00000450293254
-135,00000034162267
-144,9999983431683
-40,00000908165544
-30,00001108010981
-45,00000808242825
34,99999983559887
25,00000012650595
45,00000125223908
69,99999967119774
84,99999667351618
90,00000250447816
84,99999667351618
115,00000433853141
115,00000433853141
100,0000005060238
109,99999850756943
109,99999850756943
159,99999534548672
-100,0000005060238
0
0
0
0
0
-55,00000608397388
-40,00000908165544
-60,00000849984128
-40,00000908165544
-70,0000065013869
-60,00000849984128
-55,00000608397388
-60,00000849984128
-30,00001108010981
-55,00000608397388
-14,999986757034687
0
0
30,000000834826057
39,99999883637168
39,99999883637168
34,99999983559887
39,99999883637168
39,99999883637168
39,99999883637168
39,99999883637168
79,99999767274336
95,00000150525098
0
0
0
0
0
0
0
0
0
0
0
0
0
0
0
0
0
0
0
0
0
0
0
0
0
0
-20,000013078564184
-25,000012079336997
-40,00000908165544
0
-104,99999950679661
-70,0000065013869
-119,99998967892589
-55,00000608397388
-35,000010080882625
-40,00000908165544
9,99999970909292
0
0
0
139,99999934239548
0
0
0
0
0
0
0
0
0
0
0
0
-9,999987756261874
-20,000013078564184
-60,00000849984128
-65,00000750061409
-75,00000550215972
-70,0000065013869
-75,00000550215972
-60,00000849984128
-70,0000065013869
-95,00000150525098
0
0
0
0
0
0
0
0
65,00000067042492
90,00000250447816
54,999999253784715
0
0
0
0
0
0
0
0
0
0
0
0
0
0
0
0
0
0
0
0
0
0
0
-30,00001108010981
-30,00001108010981
-35,000010080882625
-45,00000808242825
0
-80,00000450293254
-119,99998967892589
-135,00000034162267
-139,99999934239548
-65,00000750061409
-70,0000065013869
-55,00000608397388
0
0
0
0
0
0
0
0
0
0
0
0
0
0
0
0
0
-25,000012079336997
-90,00000250447816
-80,00000450293254
95,00000150525098
-90,00000250447816
-60,00000849984128
79,99999767274336
-85,00000350370536
-80,00000450293254
0
0
0
0
0
0
0
0
15,000000417413029
39,99999883637168
0
0
0
0
0
0
0
0
0
0
0
0
0
0
0
0
0
0
0
0
0
0
0
-25,000012079336997
-20,000013078564184
-25,000012079336997
-65,00000750061409
-40,00000908165544
-95,00000150525098
-50,00000708320107
-85,00000350370536
-135,00000034162267
-114,99999067815307
-129,99998768047152
-50,00000708320107
-60,00000849984128
-80,00000450293254
-35,000010080882625
-35,000010080882625
-30,00001108010981
-30,00001108010981
0
0
0
0
0
0
0
0
0
0
0
0
0
0
50,0000002530119
54,999999253784715
60,000001669652114
54,999999253784715
54,999999253784715
69,99999967119774
95,00000150525098
-95,00000150525098
0
0
0
0
0
0
0
0
0
0
0
0
0
0
0
0
0
0
0
0
0
0
0
0
0
0
0
0
0
0
0
0
-70,0000065013869
-50,00000708320107
-55,00000608397388
-35,000010080882625
-50,00000708320107
-30,00001108010981
-75,00000550215972
-90,00000250447816
-85,00000350370536
-119,99998967892589
-95,00000150525098
-60,00000849984128
-65,00000750061409
-60,00000849984128
-40,00000908165544
-70,0000065013869
-45,00000808242825
-90,00000250447816
-80,00000450293254
-109,99999850756943
-100,0000005060238
-109,99999850756943
-104,99999950679661
-114,99999067815307
-104,99999950679661
-124,9999886796987
-114,99999067815307
-109,99999850756943
-109,99999850756943
0
60,000001669652114
54,999999253784715
65,00000067042492
45,00000125223908
54,999999253784715
79,99999767274336
74,99999867197056
90,00000250447816
0
0
0
0
0
0
0
0
0
0
0
0
0
0
0
0
0
0
0
0
0
0
0
0
0
0
0
0
0
0
0
-45,00000808242825
0
-65,00000750061409
-60,00000849984128
-60,00000849984128
-45,00000808242825
-60,00000849984128
-104,99999950679661
-100,0000005060238
-109,99999850756943
-95,00000150525098
-80,00000450293254
-80,00000450293254
-75,00000550215972
-70,0000065013869
-60,00000849984128
-95,00000150525098
-104,99999950679661
-119,99998967892589
-95,00000150525098
-104,99999950679661
-114,99999067815307
-114,99999067815307
-135,00000034162267
-124,9999886796987
-80,00000450293254
-80,00000450293254
34,99999983559887
39,99999883637168
30,000000834826057
45,00000125223908
45,00000125223908
45,00000125223908
60,000001669652114
54,999999253784715
95,00000150525098
-35,000010080882625
-45,00000808242825
-40,00000908165544
-45,00000808242825
-40,00000908165544
-40,00000908165544
-45,00000808242825
-75,00000550215972
-70,0000065013869
-45,00000808242825
-25,000012079336997
-30,00001108010981
-60,00000849984128
-45,00000808242825
-90,00000250447816
45,00000125223908
39,99999883637168
45,00000125223908
50,0000002530119
45,00000125223908
45,00000125223908
60,000001669652114
69,99999967119774
-35,000010080882625
-60,00000849984128
-20,000013078564184
-9,999987756261874
-45,00000808242825
-40,00000908165544
-85,00000350370536
-70,0000065013869
34,99999983559887
45,00000125223908
54,999999253784715
54,999999253784715
39,99999883637168
45,00000125223908
79,99999767274336
-50,00000708320107
-45,00000808242825
-14,999986757034687
-70,0000065013869
-20,000013078564184
-45,00000808242825
-70,0000065013869
45,00000125223908
34,99999983559887
54,999999253784715
60,000001669652114
45,00000125223908
54,999999253784715
90,00000250447816
-45,00000808242825
-20,000013078564184
-70,0000065013869
-14,999986757034687
-70,0000065013869
-65,00000750061409
39,99999883637168
50,0000002530119
54,999999253784715
39,99999883637168
65,00000067042492
104,99999950679661
-25,000012079336997
-70,0000065013869
-14,999986757034687
-65,00000750061409
-70,0000065013869
39,99999883637168
69,99999967119774
50,0000002530119
60,000001669652114
84,99999667351618
-4,999989182375883
-30,00001108010981
-25,000012079336997
-50,00000708320107
-65,00000750061409
-65,00000750061409
30,000000834826057
25,00000012650595
34,99999983559887
0
0
0
-70,0000065013869
-20,000013078564184
-30,00001108010981
-25,000012079336997
-85,00000350370536
0
0
0
0
0
-90,00000250447816
-55,00000608397388
-65,00000750061409
-80,00000450293254
0
0
-25,000012079336997
-25,000012079336997
-20,000013078564184
-45,00000808242825
-65,00000750061409
-25,000012079336997
-30,00001108010981
-35,000010080882625
-100,0000005060238
-45,00000808242825
-85,00000350370536
-40,00000908165544
-60,00000849984128
-60,00000849984128
-90,00000250447816
-45,00000808242825
-85,00000350370536
-164,99999434625954
144,9999983431683
-179,999991348578
-159,99999534548672
125,00000234007703
135,00000034162267
175,00000600818353
-45,00000808242825
-45,00000808242825
-95,00000150525098
-95,00000150525098
-124,9999886796987
-80,00000450293254
-90,00000250447816
-109,99999850756943
144,9999983431683
154,99999634471394
-179,999991348578
164,99999434625954
-35,000010080882625
-95,00000150525098
-85,00000350370536
-104,99999950679661
-119,99998967892589
-104,99999950679661
-119,99998967892589
159,99999534548672
-169,99999334703236
-135,00000034162267
-169,99999334703236
-65,00000750061409
-80,00000450293254
-85,00000350370536
-95,00000150525098
-90,00000250447816
-104,99999950679661
164,99999434625954
-179,999991348578
-139,99999934239548
-169,99999334703236
-70,0000065013869
-95,00000150525098
-104,99999950679661
-100,0000005060238
-104,99999950679661
-169,99999334703236
175,00000600818353
-154,99999634471394
-154,99999634471394
